523,65,1,-K---QAA-Q---QAK-J----J-A----K---K-----J-J---------Q
795,106,2,----KAQ--A-------KJ----Q-----J-K-Q----K-A-J----A-Q-J
1558,207,2,-K--J-JA------Q------------JQ----QJ-AK---Q-A-K--KA--
1750,242,1,K-------QQ--J-A----KA--JK----A---QA--Q-----K-----J-J
1953,288,2,--A--K--KQ-QJQ-AK---K--J-A-------J-----QJ-----A-----
2212,309,2,QJ---A-A---J----K-A------J-------KQJQ---A---K---Q-K-
2317,310,2,A--K---A---Q--A-----Q--J---J----J-A--K-JQ---Q-KK----
2360,317,2,------A--JK----A--QQ--K-K--J-QJ-Q-----A---K-----AJ--
2396,320,1,---J--Q---QJ----K-A----K---K--A-A-JA----K-----J--Q-Q
2399,324,2,----KK---A-Q---J-AJ-----K---Q---J-A-----Q-K-Q----AJ-
2513,354,2,Q--A-K-----AK--K-J--K----Q------A-J-Q---Q---J--AJ---
2662,366,1,Q---K-------------KA--QK--JQ----K-A--A-QJ----JAJ----
3019,433,1,---QA-KQKA--Q-K------A--J-----------K-J--J-J----AQ--
3808,520,1,-KQA---K--A-J---K-JQ----------J-----AA---JQ----KQ---
4134,555,2,---AQ--K--A-Q------JAJ-Q-KJ----J-A--K---------K-Q---
